-1 -1								-1 -1
96421 1								96421 1
99705 1								99705 1
99272 1								99272 1
99936 1								99936 1
99936 1								99936 1
96215 1								96215 1
99936 1								99936 1
99362 1								99362 1
99711 1								99711 1
99936 1								99936 1
-1 -1								-1 -1
99705 1								99705 1
99362 1								99362 1
99711 1								99711 1
99158 1								99158 1
99100 1								99100 1
65766 1								65766 1
99936 1								99936 1
98670 1								98670 1
99945 1								99945 1
-1 -1								-1 -1
-1 -1								-1 -1
99927 1								99927 1
-1 -1								-1 -1
99936 1								99936 1
99705 1								99705 1
99936 1								99936 1
99945 1								99945 1
99936 1								99936 1
99936 1								99936 1
94335 1								94335 1
99705 1								99705 1
99936 1								99936 1
97409 1								97409 1
99927 1								99927 1
-1 -1								-1 -1
78080 1								78080 1
99936 1								99936 1
99936 1								99936 1
99705 1								99705 1
99705 1								99705 1
99936 1								99936 1
99711 1								99711 1
99936 1								99936 1
99936 1								99936 1
96977 1								96977 1
99936 1								99936 1
99362 1								99362 1
99936 1								99936 1
96124 1								96124 1
99834 1								99834 1
98133 1								98133 1
99936 1								99936 1
95793 1								95793 1
90420 1								90420 1
93767 1								93767 1
99705 1								99705 1
99927 1								99927 1
99705 1								99705 1
90420 1								90420 1
99705 1								99705 1
99362 1								99362 1
99705 1								99705 1
99178 1								99178 1
99705 1								99705 1
98790 1								98790 1
99362 1								99362 1
99936 1								99936 1
33533 1								33533 1
99936 1								99936 1
99936 1								99936 1
99945 1								99945 1
-1 -1								-1 -1
97721 1								97721 1
97557 1								97557 1
99834 1								99834 1
99936 1								99936 1
76201 1								76201 1
96972 1								96972 1
99711 1								99711 1
99711 1								99711 1
99711 1								99711 1
92615 1								92615 1
99088 1								99088 1
-1 -1								-1 -1
99711 1								99711 1
-1 -1								-1 -1
99847 1								99847 1
99834 1								99834 1
99936 1								99936 1
99936 1								99936 1
91316 1								91316 1
99927 1								99927 1
-1 -1								-1 -1
-1 -1								-1 -1
99936 1								99936 1
97557 1								97557 1
99936 1								99936 1
-1 -1								-1 -1
98576 1								98576 1
92365 1								92365 1
99711 1								99711 1
-1 -1								-1 -1
98931 1								98931 1
99773 1								99773 1
99642 1								99642 1
99945 1								99945 1
99936 1								99936 1
99711 1								99711 1
99936 1								99936 1
95348 1								95348 1
-1 -1								-1 -1
99568 1								99568 1
99927 1								99927 1
99945 1								99945 1
99927 1								99927 1
-1 -1								-1 -1
90667 1								90667 1
99711 1								99711 1
59139 1								59139 1
67064 1								67064 1
99705 1								99705 1
99936 1								99936 1
99705 1								99705 1
98228 1								98228 1
99705 1								99705 1
99158 1								99158 1
-1 -1								-1 -1
94335 1								94335 1
99100 1								99100 1
99834 1								99834 1
99936 1								99936 1
98879 1								98879 1
99847 1								99847 1
94911 1								94911 1
99927 1								99927 1
99936 1								99936 1
99711 1								99711 1
99166 1								99166 1
99711 1								99711 1
99927 1								99927 1
99936 1								99936 1
83194 1								83194 1
99945 1								99945 1
88870 1								88870 1
99272 1								99272 1
-1 -1								-1 -1
99711 1								99711 1
99936 1								99936 1
99927 1								99927 1
99936 1								99936 1
83025 1								83025 1
99088 1								99088 1
99642 1								99642 1
99936 1								99936 1
84446 1								84446 1
99362 1								99362 1
-1 -1								-1 -1
89838 1								89838 1
99927 1								99927 1
99485 1								99485 1
99705 1								99705 1
-1 -1								-1 -1
99705 1								99705 1
99711 1								99711 1
99075 1								99075 1
99330 1								99330 1
97820 1								97820 1
9382 1								9382 1
99362 1								99362 1
98426 1								98426 1
99945 1								99945 1
98124 1								98124 1
99711 1								99711 1
99711 1								99711 1
99936 1								99936 1
99945 1								99945 1
99178 1								99178 1
99936 1								99936 1
99362 1								99362 1
98298 1								98298 1
99362 1								99362 1
99834 1								99834 1
99945 1								99945 1
92845 1								92845 1
-1 -1								-1 -1
99705 1								99705 1
99330 1								99330 1
99834 1								99834 1
99642 1								99642 1
95544 1								95544 1
99362 1								99362 1
99936 1								99936 1
99773 1								99773 1
99936 1								99936 1
98774 1								98774 1
99936 1								99936 1
-1 -1								-1 -1
99705 1								99705 1
93066 1								93066 1
99936 1								99936 1
-1 -1								-1 -1
99936 1								99936 1
99705 1								99705 1
99945 1								99945 1
99642 1								99642 1
97251 1								97251 1
-1 -1								-1 -1
83194 1								83194 1
89362 1								89362 1
99711 1								99711 1
99642 1								99642 1
99705 1								99705 1
99178 1								99178 1
97276 1								97276 1
99468 1								99468 1
99642 1								99642 1
97276 1								97276 1
99936 1								99936 1
99945 1								99945 1
99711 1								99711 1
99936 1								99936 1
99936 1								99936 1
99642 1								99642 1
99642 1								99642 1
99362 1								99362 1
99485 1								99485 1
98576 1								98576 1
99936 1								99936 1
94157 1								94157 1
-1 -1								-1 -1
-1 -1								-1 -1
99642 1								99642 1
95356 1								95356 1
99834 1								99834 1
99178 1								99178 1
99936 1								99936 1
98931 1								98931 1
-1 -1								-1 -1
-1 -1								-1 -1
99705 1								99705 1
99936 1								99936 1
99847 1								99847 1
97640 1								97640 1
99711 1								99711 1
99711 1								99711 1
99834 1								99834 1
99485 1								99485 1
66283 1								66283 1
99936 1								99936 1
99711 1								99711 1
99834 1								99834 1
99362 1								99362 1
60799 1								60799 1
-1 -1								-1 -1
99927 1								99927 1
-1 -1								-1 -1
99642 1								99642 1
99834 1								99834 1
99185 1								99185 1
99178 1								99178 1
88193 1								88193 1
98790 1								98790 1
99773 1								99773 1
99847 1								99847 1
95356 1								95356 1
99936 1								99936 1
-1 -1								-1 -1
99362 1								99362 1
95268 1								95268 1
99936 1								99936 1
86354 1								86354 1
99834 1								99834 1
96215 1								96215 1
99936 1								99936 1
99936 1								99936 1
99711 1								99711 1
77100 1								77100 1
-1 -1								-1 -1
99936 1								99936 1
-1 -1								-1 -1
99075 1								99075 1
99936 1								99936 1
98790 1								98790 1
99705 1								99705 1
99362 1								99362 1
99927 1								99927 1
94335 1								94335 1
99220 1								99220 1
99705 1								99705 1
99936 1								99936 1
99936 1								99936 1
96816 1								96816 1
-1 -1								-1 -1
99936 1								99936 1
99178 1								99178 1
99936 1								99936 1
99936 1								99936 1
99834 1								99834 1
99936 1								99936 1
99178 1								99178 1
99711 1								99711 1
96441 1								96441 1
99847 1								99847 1
99705 1								99705 1
-1 -1								-1 -1
99936 1								99936 1
99362 1								99362 1
-1 -1								-1 -1
99773 1								99773 1
99927 1								99927 1
99936 1								99936 1
99936 1								99936 1
70048 1								70048 1
99705 1								99705 1
99088 1								99088 1
99834 1								99834 1
-1 -1								-1 -1
99936 1								99936 1
91743 1								91743 1
99927 1								99927 1
98136 1								98136 1
99100 1								99100 1
99936 1								99936 1
99711 1								99711 1
99705 1								99705 1
99705 1								99705 1
-1 -1								-1 -1
99847 1								99847 1
97046 1								97046 1
98576 1								98576 1
-1 -1								-1 -1
99834 1								99834 1
99705 1								99705 1
99936 1								99936 1
85529 1								85529 1
99927 1								99927 1
99330 1								99330 1
99711 1								99711 1
-1 -1								-1 -1
99936 1								99936 1
99847 1								99847 1
99834 1								99834 1
99711 1								99711 1
99936 1								99936 1
99936 1								99936 1
99927 1								99927 1
78276 1								78276 1
84005 1								84005 1
99834 1								99834 1
98087 1								98087 1
99711 1								99711 1
95544 1								95544 1
99936 1								99936 1
99834 1								99834 1
99485 1								99485 1
-1 -1								-1 -1
77832 1								77832 1
99945 1								99945 1
99945 1								99945 1
99936 1								99936 1
-1 -1								-1 -1
96124 1								96124 1
91068 1								91068 1
99773 1								99773 1
99945 1								99945 1
99642 1								99642 1
-1 -1								-1 -1
99088 1								99088 1
99178 1								99178 1
99834 1								99834 1
99936 1								99936 1
99936 1								99936 1
99642 1								99642 1
99705 1								99705 1
99272 1								99272 1
99927 1								99927 1
99936 1								99936 1
99936 1								99936 1
99936 1								99936 1
98576 1								98576 1
99711 1								99711 1
99936 1								99936 1
99945 1								99945 1
42372 1								42372 1
-1 -1								-1 -1
99362 1								99362 1
98576 1								98576 1
99936 1								99936 1
99936 1								99936 1
99088 1								99088 1
99936 1								99936 1
99773 1								99773 1
-1 -1								-1 -1
99927 1								99927 1
99834 1								99834 1
99936 1								99936 1
99362 1								99362 1
-1 -1								-1 -1
99642 1								99642 1
99773 1								99773 1
95496 1								95496 1
99936 1								99936 1
99927 1								99927 1
27820 1								27820 1
99088 1								99088 1
99927 1								99927 1
99178 1								99178 1
99178 1								99178 1
99936 1								99936 1
99936 1								99936 1
99936 1								99936 1
98576 1								98576 1
89995 1								89995 1
99642 1								99642 1
99847 1								99847 1
97640 1								97640 1
99936 1								99936 1
99936 1								99936 1
99945 1								99945 1
99847 1								99847 1
99330 1								99330 1
99642 1								99642 1
99936 1								99936 1
8718 1								8718 1
99711 1								99711 1
99711 1								99711 1
99272 1								99272 1
99936 1								99936 1
-1 -1								-1 -1
99642 1								99642 1
99847 1								99847 1
99166 1								99166 1
-1 -1								-1 -1
96745 1								96745 1
99834 1								99834 1
99711 1								99711 1
99642 1								99642 1
99568 1								99568 1
99847 1								99847 1
99773 1								99773 1
99362 1								99362 1
99178 1								99178 1
98931 1								98931 1
93756 1								93756 1
92512 1								92512 1
99834 1								99834 1
-1 -1								-1 -1
98133 1								98133 1
99936 1								99936 1
99936 1								99936 1
99834 1								99834 1
99100 1								99100 1
99936 1								99936 1
-1 -1								-1 -1
99945 1								99945 1
99642 1								99642 1
91922 1								91922 1
99642 1								99642 1
-1 -1								-1 -1
99642 1								99642 1
-1 -1								-1 -1
99711 1								99711 1
99178 1								99178 1
92365 1								92365 1
99834 1								99834 1
99158 1								99158 1
29964 1								29964 1
99936 1								99936 1
96124 1								96124 1
96945 1								96945 1
97526 1								97526 1
99468 1								99468 1
94336 1								94336 1
98774 1								98774 1
99705 1								99705 1
99936 1								99936 1
99936 1								99936 1
99936 1								99936 1
97046 1								97046 1
96945 1								96945 1
98790 1								98790 1
88068 1								88068 1
98790 1								98790 1
99088 1								99088 1
99362 1								99362 1
98995 1								98995 1
98427 1								98427 1
92204 1								92204 1
87373 1								87373 1
98133 1								98133 1
99705 1								99705 1
85312 1								85312 1
99936 1								99936 1
95496 1								95496 1
99936 1								99936 1
99936 1								99936 1
99178 1								99178 1
99936 1								99936 1
99362 1								99362 1
99705 1								99705 1
99705 1								99705 1
99834 1								99834 1
99936 1								99936 1
99773 1								99773 1
39783 1								39783 1
99362 1								99362 1
99936 1								99936 1
-1 -1								-1 -1
99834 1								99834 1
-1 -1								-1 -1
96215 1								96215 1
-1 -1								-1 -1
99293 1								99293 1
97149 1								97149 1
95356 1								95356 1
-1 -1								-1 -1
95308 1								95308 1
99847 1								99847 1
99362 1								99362 1
-1 -1								-1 -1
99936 1								99936 1
99362 1								99362 1
98670 1								98670 1
-1 -1								-1 -1
91068 1								91068 1
92771 1								92771 1
95544 1								95544 1
99711 1								99711 1
99936 1								99936 1
99847 1								99847 1
99711 1								99711 1
99927 1								99927 1
99834 1								99834 1
99705 1								99705 1
99936 1								99936 1
-1 -1								-1 -1
99362 1								99362 1
99927 1								99927 1
99642 1								99642 1
99936 1								99936 1
99705 1								99705 1
99705 1								99705 1
99927 1								99927 1
99834 1								99834 1
98428 1								98428 1
99847 1								99847 1
95544 1								95544 1
99834 1								99834 1
95544 1								95544 1
95356 1								95356 1
96060 1								96060 1
99936 1								99936 1
99485 1								99485 1
95872 1								95872 1
99927 1								99927 1
99362 1								99362 1
99705 1								99705 1
99936 1								99936 1
99773 1								99773 1
99705 1								99705 1
99936 1								99936 1
99100 1								99100 1
99936 1								99936 1
99936 1								99936 1
99936 1								99936 1
99100 1								99100 1
99936 1								99936 1
99705 1								99705 1
98133 1								98133 1
99834 1								99834 1
99362 1								99362 1
97640 1								97640 1
61148 1								61148 1
99936 1								99936 1
99711 1								99711 1
95106 1								95106 1
96945 1								96945 1
86184 1								86184 1
99936 1								99936 1
99945 1								99945 1
99847 1								99847 1
99936 1								99936 1
94116 1								94116 1
99847 1								99847 1
99711 1								99711 1
99051 1								99051 1
99485 1								99485 1
99272 1								99272 1
99178 1								99178 1
95268 1								95268 1
99936 1								99936 1
99362 1								99362 1
-1 -1								-1 -1
99100 1								99100 1
-1 -1								-1 -1
99711 1								99711 1
99936 1								99936 1
99642 1								99642 1
98185 1								98185 1
99936 1								99936 1
99711 1								99711 1
98554 1								98554 1
98995 1								98995 1
99642 1								99642 1
99936 1								99936 1
99945 1								99945 1
96215 1								96215 1
99847 1								99847 1
99330 1								99330 1
98774 1								98774 1
98788 1								98788 1
99711 1								99711 1
99936 1								99936 1
99362 1								99362 1
99936 1								99936 1
99075 1								99075 1
99847 1								99847 1
99834 1								99834 1
99847 1								99847 1
99936 1								99936 1
-1 -1								-1 -1
99945 1								99945 1
99834 1								99834 1
99178 1								99178 1
99711 1								99711 1
99711 1								99711 1
-1 -1								-1 -1
99711 1								99711 1
99705 1								99705 1
99220 1								99220 1
96441 1								96441 1
99945 1								99945 1
-1 -1								-1 -1
-1 -1								-1 -1
99705 1								99705 1
96124 1								96124 1
-1 -1								-1 -1
97848 1								97848 1
93000 1								93000 1
97640 1								97640 1
99945 1								99945 1
99158 1								99158 1
99936 1								99936 1
99834 1								99834 1
71013 1								71013 1
99642 1								99642 1
65240 1								65240 1
-1 -1								-1 -1
-1 -1								-1 -1
98931 1								98931 1
99936 1								99936 1
99927 1								99927 1
99927 1								99927 1
99403 1								99403 1
99705 1								99705 1
-1 -1								-1 -1
99088 1								99088 1
99936 1								99936 1
99330 1								99330 1
97848 1								97848 1
99642 1								99642 1
96508 1								96508 1
99936 1								99936 1
99936 1								99936 1
99927 1								99927 1
99945 1								99945 1
99834 1								99834 1
99927 1								99927 1
99178 1								99178 1
99362 1								99362 1
99927 1								99927 1
98428 1								98428 1
75975 1								75975 1
79656 1								79656 1
86486 1								86486 1
99711 1								99711 1
99936 1								99936 1
99711 1								99711 1
99927 1								99927 1
-1 -1								-1 -1
99642 1								99642 1
99945 1								99945 1
99711 1								99711 1
99330 1								99330 1
-1 -1								-1 -1
96945 1								96945 1
72175 1								72175 1
96115 1								96115 1
99272 1								99272 1
99362 1								99362 1
99711 1								99711 1
97640 1								97640 1
99642 1								99642 1
99936 1								99936 1
98554 1								98554 1
99847 1								99847 1
99705 1								99705 1
98426 1								98426 1
99834 1								99834 1
-1 -1								-1 -1
99362 1								99362 1
99178 1								99178 1
-1 -1								-1 -1
99927 1								99927 1
-1 -1								-1 -1
99773 1								99773 1
99834 1								99834 1
99220 1								99220 1
99033 1								99033 1
96945 1								96945 1
99711 1								99711 1
99330 1								99330 1
99362 1								99362 1
99927 1								99927 1
97640 1								97640 1
99936 1								99936 1
99642 1								99642 1
99936 1								99936 1
99936 1								99936 1
99711 1								99711 1
99362 1								99362 1
99834 1								99834 1
99178 1								99178 1
98790 1								98790 1
99927 1								99927 1
89789 1								89789 1
99936 1								99936 1
-1 -1								-1 -1
-1 -1								-1 -1
99272 1								99272 1
99834 1								99834 1
97276 1								97276 1
99936 1								99936 1
99705 1								99705 1
99936 1								99936 1
-1 -1								-1 -1
99178 1								99178 1
99927 1								99927 1
99705 1								99705 1
-1 -1								-1 -1
96945 1								96945 1
99927 1								99927 1
-1 -1								-1 -1
99642 1								99642 1
99330 1								99330 1
99362 1								99362 1
-1 -1								-1 -1
99834 1								99834 1
99178 1								99178 1
99936 1								99936 1
99705 1								99705 1
99936 1								99936 1
99178 1								99178 1
99927 1								99927 1
99330 1								99330 1
99834 1								99834 1
94911 1								94911 1
-1 -1								-1 -1
99642 1								99642 1
99178 1								99178 1
99051 1								99051 1
99927 1								99927 1
99178 1								99178 1
99485 1								99485 1
99927 1								99927 1
99927 1								99927 1
99945 1								99945 1
99936 1								99936 1
99945 1								99945 1
-1 -1								-1 -1
99220 1								99220 1
-1 -1								-1 -1
99711 1								99711 1
99362 1								99362 1
99927 1								99927 1
-1 -1								-1 -1
-1 -1								-1 -1
99936 1								99936 1
99220 1								99220 1
98670 1								98670 1
99705 1								99705 1
-1 -1								-1 -1
94300 1								94300 1
99847 1								99847 1
99936 1								99936 1
88247 1								88247 1
99936 1								99936 1
99705 1								99705 1
99936 1								99936 1
99936 1								99936 1
98865 1								98865 1
99834 1								99834 1
-1 -1								-1 -1
99711 1								99711 1
94905 1								94905 1
-1 -1								-1 -1
98298 1								98298 1
-1 -1								-1 -1
99642 1								99642 1
-1 -1								-1 -1
88184 1								88184 1
99834 1								99834 1
97460 1								97460 1
99711 1								99711 1
97721 1								97721 1
99485 1								99485 1
99847 1								99847 1
99485 1								99485 1
99178 1								99178 1
-1 -1								-1 -1
99711 1								99711 1
99711 1								99711 1
99834 1								99834 1
99642 1								99642 1
98426 1								98426 1
99945 1								99945 1
99936 1								99936 1
99711 1								99711 1
99642 1								99642 1
-1 -1								-1 -1
99936 1								99936 1
99847 1								99847 1
99936 1								99936 1
-1 -1								-1 -1
-1 -1								-1 -1
99936 1								99936 1
98428 1								98428 1
99847 1								99847 1
99272 1								99272 1
99220 1								99220 1
99362 1								99362 1
99705 1								99705 1
99936 1								99936 1
99220 1								99220 1
99847 1								99847 1
99936 1								99936 1
99927 1								99927 1
99485 1								99485 1
-1 -1								-1 -1
99178 1								99178 1
94336 1								94336 1
99936 1								99936 1
97557 1								97557 1
99936 1								99936 1
99927 1								99927 1
99705 1								99705 1
99051 1								99051 1
99362 1								99362 1
95544 1								95544 1
96124 1								96124 1
99936 1								99936 1
99936 1								99936 1
99568 1								99568 1
99362 1								99362 1
99642 1								99642 1
-1 -1								-1 -1
99178 1								99178 1
99485 1								99485 1
-1 -1								-1 -1
93780 1								93780 1
95106 1								95106 1
99711 1								99711 1
99100 1								99100 1
99927 1								99927 1
99178 1								99178 1
99936 1								99936 1
99936 1								99936 1
99847 1								99847 1
99711 1								99711 1
99847 1								99847 1
98228 1								98228 1
99711 1								99711 1
99936 1								99936 1
99272 1								99272 1
99642 1								99642 1
-1 -1								-1 -1
99642 1								99642 1
99642 1								99642 1
-1 -1								-1 -1
99936 1								99936 1
95356 1								95356 1
86793 1								86793 1
99642 1								99642 1
99945 1								99945 1
99330 1								99330 1
99642 1								99642 1
99642 1								99642 1
99936 1								99936 1
99362 1								99362 1
99847 1								99847 1
98426 1								98426 1
-1 -1								-1 -1
99642 1								99642 1
99705 1								99705 1
97640 1								97640 1
-1 -1								-1 -1
99834 1								99834 1
98124 1								98124 1
98124 1								98124 1
99272 1								99272 1
96124 1								96124 1
99927 1								99927 1
99272 1								99272 1
98185 1								98185 1
99642 1								99642 1
99272 1								99272 1
99936 1								99936 1
99293 1								99293 1
97276 1								97276 1
97640 1								97640 1
49735 1								49735 1
99100 1								99100 1
94915 1								94915 1
99945 1								99945 1
99847 1								99847 1
99642 1								99642 1
99936 1								99936 1
-1 -1								-1 -1
99927 1								99927 1
99936 1								99936 1
99945 1								99945 1
99936 1								99936 1
99936 1								99936 1
99936 1								99936 1
99642 1								99642 1
99927 1								99927 1
95496 1								95496 1
-1 -1								-1 -1
99272 1								99272 1
98670 1								98670 1
99485 1								99485 1
99362 1								99362 1
99362 1								99362 1
99847 1								99847 1
99705 1								99705 1
99403 1								99403 1
99178 1								99178 1
97640 1								97640 1
99705 1								99705 1
99927 1								99927 1
99936 1								99936 1
99927 1								99927 1
99178 1								99178 1
99705 1								99705 1
-1 -1								-1 -1
59440 1								59440 1
-1 -1								-1 -1
99834 1								99834 1
97848 1								97848 1
92590 1								92590 1
99936 1								99936 1
99220 1								99220 1
99272 1								99272 1
99711 1								99711 1
99936 1								99936 1
99834 1								99834 1
-1 -1								-1 -1
98931 1								98931 1
98185 1								98185 1
99773 1								99773 1
99936 1								99936 1
99220 1								99220 1
96508 1								96508 1
98133 1								98133 1
78015 1								78015 1
99178 1								99178 1
99705 1								99705 1
-1 -1								-1 -1
99847 1								99847 1
99642 1								99642 1
99847 1								99847 1
99642 1								99642 1
99642 1								99642 1
99773 1								99773 1
99927 1								99927 1
99834 1								99834 1
89789 1								89789 1
99945 1								99945 1
99711 1								99711 1
99936 1								99936 1
99485 1								99485 1
99711 1								99711 1
99834 1								99834 1
99834 1								99834 1
99705 1								99705 1
98879 1								98879 1
-1 -1								-1 -1
99936 1								99936 1
99936 1								99936 1
94157 1								94157 1
10921 1								10921 1
90846 1								90846 1
99088 1								99088 1
99936 1								99936 1
98087 1								98087 1
99773 1								99773 1
99834 1								99834 1
99711 1								99711 1
98133 1								98133 1
99272 1								99272 1
99936 1								99936 1
71364 1								71364 1
-1 -1								-1 -1
90692 1								90692 1
99945 1								99945 1
99936 1								99936 1
96508 1								96508 1
98693 1								98693 1
99711 1								99711 1
94905 1								94905 1
-1 -1								-1 -1
99705 1								99705 1
98133 1								98133 1
99847 1								99847 1
99936 1								99936 1
99362 1								99362 1
99773 1								99773 1
98995 1								98995 1
94044 1								94044 1
99834 1								99834 1
99362 1								99362 1
99936 1								99936 1
99847 1								99847 1
99178 1								99178 1
99936 1								99936 1
99936 1								99936 1
62355 1								62355 1
97057 1								97057 1
99705 1								99705 1
93120 1								93120 1
94905 1								94905 1
42698 1								42698 1
99936 1								99936 1
94336 1								94336 1
99945 1								99945 1
99927 1								99927 1
99936 1								99936 1
99927 1								99927 1
38060 1								38060 1
99936 1								99936 1
99568 1								99568 1
99847 1								99847 1
94905 1								94905 1
99711 1								99711 1
99705 1								99705 1
99330 1								99330 1
-1 -1								-1 -1
99705 1								99705 1
99711 1								99711 1
99936 1								99936 1
99936 1								99936 1
99936 1								99936 1
95872 1								95872 1
-1 -1								-1 -1
99936 1								99936 1
98790 1								98790 1
-1 -1								-1 -1
99711 1								99711 1
99927 1								99927 1
99705 1								99705 1
99485 1								99485 1
93576 1								93576 1
-1 -1								-1 -1
99936 1								99936 1
99936 1								99936 1
97526 1								97526 1
-1 -1								-1 -1
99088 1								99088 1
99847 1								99847 1
99642 1								99642 1
99642 1								99642 1
99945 1								99945 1
99936 1								99936 1
99272 1								99272 1
99834 1								99834 1
99927 1								99927 1
99485 1								99485 1
96878 1								96878 1
99711 1								99711 1
99847 1								99847 1
57447 1								57447 1
99847 1								99847 1
99834 1								99834 1
99362 1								99362 1
99711 1								99711 1
99936 1								99936 1
-1 -1								-1 -1
99936 1								99936 1
99705 1								99705 1
94905 1								94905 1
99847 1								99847 1
99834 1								99834 1
99936 1								99936 1
97640 1								97640 1
99936 1								99936 1
93576 1								93576 1
99705 1								99705 1
99927 1								99927 1
97671 1								97671 1
99158 1								99158 1
99936 1								99936 1
-1 -1								-1 -1
99362 1								99362 1
99642 1								99642 1
99711 1								99711 1
-1 -1								-1 -1
99642 1								99642 1
99936 1								99936 1
-1 -1								-1 -1
99403 1								99403 1
98995 1								98995 1
99936 1								99936 1
96745 1								96745 1
98185 1								98185 1
98185 1								98185 1
29288 1								29288 1
99945 1								99945 1
99847 1								99847 1
99642 1								99642 1
99178 1								99178 1
99936 1								99936 1
99834 1								99834 1
99711 1								99711 1
99936 1								99936 1
99936 1								99936 1
99705 1								99705 1
99272 1								99272 1
99185 1								99185 1
99936 1								99936 1
99945 1								99945 1
98995 1								98995 1
97671 1								97671 1
99178 1								99178 1
99936 1								99936 1
99936 1								99936 1
99330 1								99330 1
99936 1								99936 1
99178 1								99178 1
99178 1								99178 1
98788 1								98788 1
99936 1								99936 1
91316 1								91316 1
99847 1								99847 1
99178 1								99178 1
99936 1								99936 1
99711 1								99711 1
99936 1								99936 1
99834 1								99834 1
41072 1								41072 1
94915 1								94915 1
99834 1								99834 1
99362 1								99362 1
95481 1								95481 1
94695 1								94695 1
99927 1								99927 1
98790 1								98790 1
96968 1								96968 1
99847 1								99847 1
99936 1								99936 1
96745 1								96745 1
99711 1								99711 1
98576 1								98576 1
99100 1								99100 1
99834 1								99834 1
99642 1								99642 1
99936 1								99936 1
87480 1								87480 1
99711 1								99711 1
99711 1								99711 1
96754 1								96754 1
99936 1								99936 1
99642 1								99642 1
99330 1								99330 1
98774 1								98774 1
94578 1								94578 1
99272 1								99272 1
97276 1								97276 1
99705 1								99705 1
99362 1								99362 1
97640 1								97640 1
99642 1								99642 1
99330 1								99330 1
-1 -1								-1 -1
99834 1								99834 1
98261 1								98261 1
98790 1								98790 1
99936 1								99936 1
99834 1								99834 1
97057 1								97057 1
89362 1								89362 1
99705 1								99705 1
99220 1								99220 1
-1 -1								-1 -1
99847 1								99847 1
99936 1								99936 1
95544 1								95544 1
96977 1								96977 1
-1 -1								-1 -1
98931 1								98931 1
-1 -1								-1 -1
99362 1								99362 1
99642 1								99642 1
-1 -1								-1 -1
99711 1								99711 1
99705 1								99705 1
99936 1								99936 1
-1 -1								-1 -1
99330 1								99330 1
99927 1								99927 1
99936 1								99936 1
99834 1								99834 1
99936 1								99936 1
98670 1								98670 1
99936 1								99936 1
91348 1								91348 1
93756 1								93756 1
99485 1								99485 1
93822 1								93822 1
92659 1								92659 1
99642 1								99642 1
93208 1								93208 1
99711 1								99711 1
99945 1								99945 1
99936 1								99936 1
99936 1								99936 1
-1 -1								-1 -1
96552 1								96552 1
98071 1								98071 1
99927 1								99927 1
-1 -1								-1 -1
99711 1								99711 1
99936 1								99936 1
92076 1								92076 1
99362 1								99362 1
99936 1								99936 1
86486 1								86486 1
99847 1								99847 1
80938 1								80938 1
99362 1								99362 1
99847 1								99847 1
99936 1								99936 1
-1 -1								-1 -1
99847 1								99847 1
-1 -1								-1 -1
-1 -1								-1 -1
99272 1								99272 1
91922 1								91922 1
-1 -1								-1 -1
99945 1								99945 1
99485 1								99485 1
99773 1								99773 1
99330 1								99330 1
99936 1								99936 1
99158 1								99158 1
99936 1								99936 1
99178 1								99178 1
99847 1								99847 1
62612 1								62612 1
-1 -1								-1 -1
-1 -1								-1 -1
-1 -1								-1 -1
99711 1								99711 1
99936 1								99936 1
95356 1								95356 1
99362 1								99362 1
96508 1								96508 1
99936 1								99936 1
99927 1								99927 1
95106 1								95106 1
95496 1								95496 1
97640 1								97640 1
99936 1								99936 1
99936 1								99936 1
90825 1								90825 1
99847 1								99847 1
99945 1								99945 1
96609 1								96609 1
96816 1								96816 1
99362 1								99362 1
99834 1								99834 1
99936 1								99936 1
99178 1								99178 1
-1 -1								-1 -1
99834 1								99834 1
99705 1								99705 1
99642 1								99642 1
99945 1								99945 1
99711 1								99711 1
97348 1								97348 1
99936 1								99936 1
97848 1								97848 1
99936 1								99936 1
-1 -1								-1 -1
99711 1								99711 1
-1 -1								-1 -1
99936 1								99936 1
99088 1								99088 1
-1 -1								-1 -1
99220 1								99220 1
99927 1								99927 1
99936 1								99936 1
99051 1								99051 1
99642 1								99642 1
99220 1								99220 1
53192 1								53192 1
97557 1								97557 1
91504 1								91504 1
94116 1								94116 1
97640 1								97640 1
99936 1								99936 1
-1 -1								-1 -1
-1 -1								-1 -1
99936 1								99936 1
99936 1								99936 1
99847 1								99847 1
88193 1								88193 1
99847 1								99847 1
99936 1								99936 1
99178 1								99178 1
99927 1								99927 1
99927 1								99927 1
99936 1								99936 1
99711 1								99711 1
99936 1								99936 1
99711 1								99711 1
80637 1								80637 1
99711 1								99711 1
99272 1								99272 1
99834 1								99834 1
99178 1								99178 1
99773 1								99773 1
99847 1								99847 1
99927 1								99927 1
-1 -1								-1 -1
-1 -1								-1 -1
99936 1								99936 1
-1 -1								-1 -1
99936 1								99936 1
93208 1								93208 1
99293 1								99293 1
89838 1								89838 1
99936 1								99936 1
99834 1								99834 1
99642 1								99642 1
-1 -1								-1 -1
99936 1								99936 1
99220 1								99220 1
99936 1								99936 1
-1 -1								-1 -1
97526 1								97526 1
96124 1								96124 1
99945 1								99945 1
-1 -1								-1 -1
99834 1								99834 1
99936 1								99936 1
99705 1								99705 1
99642 1								99642 1
99847 1								99847 1
99945 1								99945 1
99642 1								99642 1
99330 1								99330 1
99642 1								99642 1
99936 1								99936 1
99936 1								99936 1
99847 1								99847 1
99834 1								99834 1
99272 1								99272 1
-1 -1								-1 -1
92300 1								92300 1
99834 1								99834 1
-1 -1								-1 -1
32949 1								32949 1
-1 -1								-1 -1
99568 1								99568 1
99927 1								99927 1
-1 -1								-1 -1
99847 1								99847 1
85529 1								85529 1
98222 1								98222 1
99033 1								99033 1
99642 1								99642 1
99362 1								99362 1
99847 1								99847 1
-1 -1								-1 -1
99362 1								99362 1
99705 1								99705 1
92659 1								92659 1
99642 1								99642 1
99936 1								99936 1
97276 1								97276 1
98790 1								98790 1
99705 1								99705 1
94335 1								94335 1
99642 1								99642 1
84140 1								84140 1
89815 1								89815 1
94335 1								94335 1
99834 1								99834 1
99642 1								99642 1
99936 1								99936 1
99936 1								99936 1
99705 1								99705 1
99711 1								99711 1
-1 -1								-1 -1
99362 1								99362 1
99936 1								99936 1
-1 -1								-1 -1
99711 1								99711 1
99936 1								99936 1
99936 1								99936 1
99051 1								99051 1
99834 1								99834 1
99178 1								99178 1
99362 1								99362 1
99468 1								99468 1
-1 -1								-1 -1
-1 -1								-1 -1
97640 1								97640 1
99936 1								99936 1
-1 -1								-1 -1
99711 1								99711 1
-1 -1								-1 -1
99705 1								99705 1
99936 1								99936 1
91504 1								91504 1
96124 1								96124 1
99642 1								99642 1
98228 1								98228 1
99936 1								99936 1
99642 1								99642 1
99100 1								99100 1
99220 1								99220 1
99936 1								99936 1
99834 1								99834 1
99158 1								99158 1
99936 1								99936 1
97653 1								97653 1
99927 1								99927 1
99945 1								99945 1
99330 1								99330 1
93767 1								93767 1
99927 1								99927 1
99711 1								99711 1
99834 1								99834 1
-1 -1								-1 -1
-1 -1								-1 -1
88070 1								88070 1
99711 1								99711 1
99711 1								99711 1
98576 1								98576 1
69156 1								69156 1
99936 1								99936 1
99362 1								99362 1
99945 1								99945 1
86486 1								86486 1
99705 1								99705 1
99927 1								99927 1
93208 1								93208 1
99711 1								99711 1
99936 1								99936 1
99945 1								99945 1
97276 1								97276 1
99945 1								99945 1
99936 1								99936 1
99936 1								99936 1
96585 1								96585 1
97526 1								97526 1
99936 1								99936 1
99847 1								99847 1
99834 1								99834 1
99936 1								99936 1
99936 1								99936 1
-1 -1								-1 -1
-1 -1								-1 -1
99936 1								99936 1
-1 -1								-1 -1
99773 1								99773 1
99272 1								99272 1
99927 1								99927 1
98435 1								98435 1
99936 1								99936 1
99945 1								99945 1
99220 1								99220 1
99485 1								99485 1
99485 1								99485 1
98554 1								98554 1
99927 1								99927 1
99362 1								99362 1
99927 1								99927 1
-1 -1								-1 -1
99033 1								99033 1
99705 1								99705 1
99936 1								99936 1
97276 1								97276 1
99178 1								99178 1
99936 1								99936 1
99936 1								99936 1
99936 1								99936 1
99362 1								99362 1
96972 1								96972 1
-1 -1								-1 -1
99705 1								99705 1
99936 1								99936 1
-1 -1								-1 -1
99945 1								99945 1
99936 1								99936 1
99075 1								99075 1
99936 1								99936 1
99178 1								99178 1
-1 -1								-1 -1
99642 1								99642 1
99293 1								99293 1
99936 1								99936 1
99936 1								99936 1
99927 1								99927 1
-1 -1								-1 -1
99711 1								99711 1
99927 1								99927 1
99927 1								99927 1
99936 1								99936 1
98670 1								98670 1
99088 1								99088 1
99642 1								99642 1
96124 1								96124 1
97640 1								97640 1
99362 1								99362 1
97640 1								97640 1
99272 1								99272 1
99711 1								99711 1
92365 1								92365 1
98790 1								98790 1
77185 1								77185 1
-1 -1								-1 -1
99158 1								99158 1
99051 1								99051 1
96945 1								96945 1
99773 1								99773 1
99927 1								99927 1
-1 -1								-1 -1
99642 1								99642 1
99705 1								99705 1
99936 1								99936 1
96124 1								96124 1
92076 1								92076 1
99100 1								99100 1
99936 1								99936 1
99773 1								99773 1
99773 1								99773 1
99936 1								99936 1
99362 1								99362 1
99847 1								99847 1
99178 1								99178 1
99075 1								99075 1
-1 -1								-1 -1
99705 1								99705 1
96745 1								96745 1
99705 1								99705 1
99936 1								99936 1
99834 1								99834 1
99834 1								99834 1
98693 1								98693 1
99834 1								99834 1
94484 1								94484 1
99642 1								99642 1
99362 1								99362 1
99705 1								99705 1
90792 1								90792 1
99936 1								99936 1
97820 1								97820 1
99051 1								99051 1
99834 1								99834 1
99936 1								99936 1
99642 1								99642 1
87338 1								87338 1
-1 -1								-1 -1
-1 -1								-1 -1
94300 1								94300 1
99834 1								99834 1
-1 -1								-1 -1
99936 1								99936 1
99847 1								99847 1
99642 1								99642 1
97640 1								97640 1
98554 1								98554 1
99834 1								99834 1
98554 1								98554 1
-1 -1								-1 -1
98774 1								98774 1
95684 1								95684 1
99642 1								99642 1
99936 1								99936 1
-1 -1								-1 -1
-1 -1								-1 -1
41349 1								41349 1
98661 1								98661 1
98995 1								98995 1
99927 1								99927 1
99936 1								99936 1
99936 1								99936 1
-1 -1								-1 -1
99272 1								99272 1
99927 1								99927 1
-1 -1								-1 -1
99705 1								99705 1
99936 1								99936 1
99705 1								99705 1
99705 1								99705 1
-1 -1								-1 -1
99936 1								99936 1
-1 -1								-1 -1
99936 1								99936 1
-1 -1								-1 -1
99847 1								99847 1
99847 1								99847 1
99927 1								99927 1
99936 1								99936 1
99642 1								99642 1
-1 -1								-1 -1
99927 1								99927 1
-1 -1								-1 -1
98774 1								98774 1
99642 1								99642 1
99362 1								99362 1
99272 1								99272 1
99711 1								99711 1
-1 -1								-1 -1
-1 -1								-1 -1
-1 -1								-1 -1
-1 -1								-1 -1
92373 1								92373 1
-1 -1								-1 -1
99705 1								99705 1
99711 1								99711 1
99936 1								99936 1
96945 1								96945 1
99362 1								99362 1
99945 1								99945 1
-1 -1								-1 -1
99362 1								99362 1
99936 1								99936 1
-1 -1								-1 -1
99936 1								99936 1
99936 1								99936 1
99936 1								99936 1
99485 1								99485 1
99936 1								99936 1
99936 1								99936 1
99485 1								99485 1
99362 1								99362 1
99711 1								99711 1
-1 -1								-1 -1
-1 -1								-1 -1
-1 -1								-1 -1
99936 1								99936 1
99834 1								99834 1
87033 1								87033 1
75511 1								75511 1
99834 1								99834 1
99711 1								99711 1
99936 1								99936 1
99936 1								99936 1
99272 1								99272 1
99178 1								99178 1
99362 1								99362 1
99834 1								99834 1
87014 1								87014 1
99293 1								99293 1
-1 -1								-1 -1
99711 1								99711 1
99834 1								99834 1
99642 1								99642 1
99088 1								99088 1
89838 1								89838 1
99927 1								99927 1
99936 1								99936 1
98790 1								98790 1
99178 1								99178 1
99936 1								99936 1
93644 1								93644 1
99927 1								99927 1
99834 1								99834 1
90739 1								90739 1
99936 1								99936 1
99773 1								99773 1
99847 1								99847 1
99936 1								99936 1
-1 -1								-1 -1
99936 1								99936 1
94300 1								94300 1
98554 1								98554 1
99936 1								99936 1
98124 1								98124 1
99847 1								99847 1
99178 1								99178 1
99936 1								99936 1
99711 1								99711 1
91640 1								91640 1
99936 1								99936 1
94905 1								94905 1
99936 1								99936 1
42942 1								42942 1
99220 1								99220 1
89410 1								89410 1
-1 -1								-1 -1
98136 1								98136 1
99936 1								99936 1
99362 1								99362 1
99834 1								99834 1
96528 1								96528 1
99927 1								99927 1
99834 1								99834 1
99847 1								99847 1
96508 1								96508 1
99642 1								99642 1
-1 -1								-1 -1
97640 1								97640 1
98576 1								98576 1
99468 1								99468 1
99705 1								99705 1
99038 1								99038 1
98071 1								98071 1
99936 1								99936 1
99847 1								99847 1
99362 1								99362 1
99711 1								99711 1
98693 1								98693 1
99936 1								99936 1
99936 1								99936 1
-1 -1								-1 -1
99362 1								99362 1
99100 1								99100 1
99178 1								99178 1
98185 1								98185 1
99642 1								99642 1
99936 1								99936 1
99642 1								99642 1
99847 1								99847 1
99158 1								99158 1
99362 1								99362 1
99945 1								99945 1
99711 1								99711 1
99936 1								99936 1
99936 1								99936 1
99705 1								99705 1
98931 1								98931 1
74244 1								74244 1
-1 -1								-1 -1
99711 1								99711 1
99178 1								99178 1
99927 1								99927 1
99936 1								99936 1
99834 1								99834 1
99705 1								99705 1
99945 1								99945 1
98701 1								98701 1
99642 1								99642 1
99362 1								99362 1
99847 1								99847 1
99936 1								99936 1
99936 1								99936 1
99847 1								99847 1
96955 1								96955 1
98790 1								98790 1
99362 1								99362 1
99330 1								99330 1
96215 1								96215 1
-1 -1								-1 -1
99936 1								99936 1
95544 1								95544 1
99178 1								99178 1
98790 1								98790 1
99178 1								99178 1
97820 1								97820 1
99945 1								99945 1
99642 1								99642 1
99568 1								99568 1
55878 1								55878 1
99945 1								99945 1
99711 1								99711 1
90792 1								90792 1
-1 -1								-1 -1
94915 1								94915 1
99362 1								99362 1
99936 1								99936 1
95356 1								95356 1
99711 1								99711 1
99711 1								99711 1
99847 1								99847 1
99936 1								99936 1
99936 1								99936 1
86177 1								86177 1
98427 1								98427 1
99642 1								99642 1
22828 1								22828 1
78276 1								78276 1
90364 1								90364 1
99936 1								99936 1
98774 1								98774 1
99927 1								99927 1
99642 1								99642 1
99927 1								99927 1
94300 1								94300 1
99936 1								99936 1
99936 1								99936 1
99936 1								99936 1
89682 1								89682 1
42093 1								42093 1
99642 1								99642 1
99927 1								99927 1
99362 1								99362 1
99936 1								99936 1
95544 1								95544 1
99936 1								99936 1
99330 1								99330 1
-1 -1								-1 -1
98670 1								98670 1
98029 1								98029 1
99362 1								99362 1
74319 1								74319 1
-1 -1								-1 -1
79739 1								79739 1
99936 1								99936 1
99936 1								99936 1
99362 1								99362 1
99927 1								99927 1
99272 1								99272 1
99936 1								99936 1
96124 1								96124 1
99936 1								99936 1
99936 1								99936 1
99936 1								99936 1
99834 1								99834 1
99178 1								99178 1
81930 1								81930 1
99330 1								99330 1
99927 1								99927 1
-1 -1								-1 -1
98228 1								98228 1
95106 1								95106 1
99936 1								99936 1
99051 1								99051 1
98428 1								98428 1
99834 1								99834 1
99330 1								99330 1
-1 -1								-1 -1
99936 1								99936 1
99362 1								99362 1
99847 1								99847 1
99936 1								99936 1
99936 1								99936 1
99936 1								99936 1
99711 1								99711 1
99711 1								99711 1
99936 1								99936 1
99936 1								99936 1
99834 1								99834 1
99166 1								99166 1
93784 1								93784 1
95268 1								95268 1
78460 1								78460 1
97209 1								97209 1
99834 1								99834 1
-1 -1								-1 -1
99936 1								99936 1
99705 1								99705 1
94335 1								94335 1
96124 1								96124 1
99100 1								99100 1
99936 1								99936 1
99711 1								99711 1
99945 1								99945 1
99945 1								99945 1
-1 -1								-1 -1
99945 1								99945 1
98136 1								98136 1
99834 1								99834 1
98136 1								98136 1
99927 1								99927 1
-1 -1								-1 -1
99293 1								99293 1
95157 1								95157 1
99711 1								99711 1
99834 1								99834 1
99834 1								99834 1
99847 1								99847 1
87033 1								87033 1
99834 1								99834 1
66976 1								66976 1
99705 1								99705 1
99936 1								99936 1
97520 1								97520 1
99945 1								99945 1
98136 1								98136 1
99936 1								99936 1
99834 1								99834 1
99403 1								99403 1
99705 1								99705 1
99100 1								99100 1
99927 1								99927 1
99834 1								99834 1
92076 1								92076 1
-1 -1								-1 -1
-1 -1								-1 -1
99468 1								99468 1
99936 1								99936 1
99936 1								99936 1
96117 1								96117 1
98931 1								98931 1
99834 1								99834 1
99330 1								99330 1
-1 -1								-1 -1
98931 1								98931 1
99834 1								99834 1
99362 1								99362 1
98931 1								98931 1
95106 1								95106 1
79547 1								79547 1
89019 1								89019 1
99936 1								99936 1
-1 -1								-1 -1
98133 1								98133 1
99936 1								99936 1
99568 1								99568 1
97640 1								97640 1
99936 1								99936 1
99642 1								99642 1
-1 -1								-1 -1
97557 1								97557 1
99178 1								99178 1
79386 1								79386 1
99642 1								99642 1
98228 1								98228 1
99927 1								99927 1
99711 1								99711 1
75198 1								75198 1
98554 1								98554 1
70620 1								70620 1
-1 -1								-1 -1
96745 1								96745 1
91308 1								91308 1
99178 1								99178 1
94694 1								94694 1
99945 1								99945 1
96124 1								96124 1
99773 1								99773 1
99642 1								99642 1
99773 1								99773 1
99711 1								99711 1
96124 1								96124 1
99945 1								99945 1
99936 1								99936 1
98554 1								98554 1
99178 1								99178 1
99773 1								99773 1
99272 1								99272 1
99847 1								99847 1
99330 1								99330 1
86793 1								86793 1
99705 1								99705 1
99711 1								99711 1
36873 1								36873 1
-1 -1								-1 -1
99711 1								99711 1
99568 1								99568 1
98670 1								98670 1
99936 1								99936 1
-1 -1								-1 -1
99945 1								99945 1
97172 1								97172 1
99936 1								99936 1
99485 1								99485 1
94911 1								94911 1
99936 1								99936 1
99642 1								99642 1
99051 1								99051 1
88070 1								88070 1
99178 1								99178 1
99705 1								99705 1
99936 1								99936 1
99642 1								99642 1
99927 1								99927 1
99485 1								99485 1
99847 1								99847 1
94023 1								94023 1
-1 -1								-1 -1
99927 1								99927 1
99362 1								99362 1
99936 1								99936 1
96124 1								96124 1
99945 1								99945 1
91316 1								91316 1
99711 1								99711 1
99642 1								99642 1
99945 1								99945 1
-1 -1								-1 -1
99705 1								99705 1
86226 1								86226 1
99936 1								99936 1
