30
9793802483 37710
9052273790 42613
9399703986 95336
9762703999 58822
9723655814 86358
9138480460 60904
9269413788 74934
9815354365 1670
9549175541 94299
9835226678 53145
9171878774 77905
9915558298 90413
9074858306 10963
9252271521 59902
9018760095 77007
9285943905 86127
9363084046 40535
9643840093 64948
9572975653 82421
9485554219 24153
9458625139 19398
9375021871 626
9585679416 56302
9204459753 22770
9055632689 2332
9488719311 98015
9959093407 91546
9750647840 25151
9624741858 47700
9993377325 55177
