6571
24009
3865
71848
61942
30408
5553
36049
38720
6638
6444
37836
44777
11561
84750
27463
25618
5683
41411
46063
13713
56456
23856
33104
53016
33130
13026
53283
10086
63160
14517
31217
438
75127
18873
12980
328
22003
9682
10183
5526
12649
31187
28970
78038
32109
678
4299
17629
12750
47973
30975
20278
12879
32599
32431
3943
10144
590
11080
13695
17712
7494
5989
8787
13044
38782
59797
67094
17285
20121
79144
18900
12629
23608
6140
48942
44544
864
28859
6452
1349
12538
28060
13285
11632
3433
7308
43499
50236
13296
24857
46971
50728
28385
28457
4179
7372
10342
606
78746
5285
1111
5950
31332
8403
10450
7809
1286
17452
4487
2064
11972
25698
57720
29897
10689
13100
64834
46050
64425
61542
20195
21618
1966
28649
7873
56059
5126
26840
35733
13788
26869
77433
41813
47778
2647
59348
41582
31215
33992
13960
2743
25826
26882
48963
14578
70198
14359
60672
19007
23063
10800
30616
2505
39832
32477
64908
34715
44616
11633
10329
75626
57608
24834
16359
5231
42722
35990
11116
76
25423
14954
23154
40328
23378
8907
38604
50514
22654
20692
12432
9053
19921
2931
12450
33384
56071
67212
35721
26174
5988
18238
19123
84381
29473
34553
3294
43373
6196
48915
31116
16212
24688
45385
3349
27574
2729
45597
7295
21460
7719
4480
3754
5795
37394
35466
15379
412
47324
39526
50520
13268
12559
59137
451
45270
23519
3975
39800
7324
10406
725
81413
31402
1226
18683
4243
58296
6730
67526
11029
7700
7552
1876
9791
3114
2435
9612
39218
11244
21207
14905
20482
130
33983
21435
9693
39524
8751
30333
53146
48618
39074
18396
28100
5170
5045
6230
29080
31914
52035
2389
13094
31615
2911
23533
80026
8181
64539
24479
25979
13437
1798
19684
18964
5796
20270
24823
38164
30389
31147
11667
25745
31274
2692
1413
15170
18373
752
56424
17791
84201
3642
9062
63624
21529
82354
66906
1826
31758
6806
13958
20012
4453
85088
14819
31633
57842
1758
61587
13882
25406
8436
4542
2399
14054
58070
12745
12098
907
52806
26436
6380
20368
37219
54097
243
40370
32492
23580
65556
9257
4561
29526
881
16396
9675
1036
648
48893
30353
72170
48495
9694
2008
34444
23122
8599
2119
13355
35608
17764
8538
4893
3730
41455
15129
10067
55049
31707
65382
12
1887
24015
34164
6788
77278
40510
78033
44881
8400
27893
87815
9011
53383
33880
20095
64943
59861
50144
12323
51885
2927
2355
11739
1438
43977
35861
3
6159
18963
16906
4213
93161
6519
19959
324
51523
9277
21428
1096
33963
65374
23754
67342
657
34110
72497
59889
25912
642
34749
25377
9616
21894
28019
50081
19789
4836
17102
22388
41535
62796
21395
158
12062
49969
33072
24950
10636
9825
17864
2359
17951
57417
21464
74052
9941
21893
18386
39050
76797
70590
55553
3599
31505
9130
24340
57575
9139
64328
7110
53595
21665
12555
3420
69840
43801
31364
36089
1437
51675
52097
5408
58535
12669
23347
3915
381
37794
20576
72080
44098
67063
3871
2699
14346
3753
1045
2854
23706
2296
5413
12499
18293
283
19006
15859
20868
7835
78698
23071
16897
45264
24510
5130
37452
51787
29868
18427
35110
15415
7650
20841
38227
1694
60748
514
10866
25697
3715
13363
49000
23934
13236
1136
15127
31125
1575
79555
45640
28550
10452
30756
18329
89421
16708
18725
16475
3305
4698
43532
42032
12548
13349
12986
22042
371
12507
26216
18753
5464
27425
69197
43116
3617
4776
30718
57738
8658
52505
43524
3552
29071
26393
10722
1505
32734
453
11290
85
19047
21643
32008
25118
6590
45478
8205
47099
14126
836
34519
35675
16854
34702
1872
2189
85816
50989
11298
18623
5089
21742
418
19659
7466
10272
1392
3978
22702
54035
16102
29202
47190
18005
16290
76187
11435
46110
9945
42932
14839
2638
12222
29177
5904
8194
85172
60299
27639
74714
65769
18206
40479
15187
37694
4342
3992
71511
35128
4970
48473
293
1715
4231
8667
20513
55850
30040
34764
25258
591
43718
2333
57806
9684
30372
26691
33735
24367
37465
7675
33655
30867
64902
18789
15161
13430
1058
54522
8543
13140
38960
55987
4015
25224
5934
55445
36053
11607
9249
28006
14577
5707
3128
19048
2601
28866
25298
26901
35468
7374
776
25470
10621
55870
9521
20397
15100
12680
50242
54318
14907
23954
56852
4746
34709
4441
1099
1718
64981
33838
25633
4464
9712
4053
16521
471
36502
18685
17053
41185
3530
63196
1563
13249
59286
33556
3479
25565
33935
64307
1930
37496
16610
28855
73975
10733
1584
67928
12129
31355
8456
713
3164
21328
40205
40211
14635
3704
7561
97365
61037
448
17306
39667
27814
2800
7343
4137
23709
13684
9248
42953
25436
6674
23308
6798
36694
35721
20510
5821
12610
49253
47532
10805
34823
13541
31083
15928
18330
5774
16440
4941
1358
33118
4548
30357
50024
62158
322
534
14532
58909
16358
49515
6029
55771
43171
10153
16139
59934
25300
47647
15141
72185
9978
959
25237
31771
2629
43137
38034
14518
68062
7716
54816
19381
24838
27855
3184
15330
13534
73930
2763
66608
18073
6615
50496
77538
6456
34206
24733
47138
91159
13182
44844
9612
44340
47818
30952
14501
64535
52636
18046
22249
18618
46674
37080
6031
1050
6053
37983
58780
7436
73831
17971
13554
1191
4124
377
34156
16115
1872
431
4076
8844
5660
2737
36828
1906
22395
2830
47395
27576
27281
22893
11138
381
11261
1910
4099
23946
56674
37168
41272
46735
81009
515
28684
22105
8908
29052
44623
51272
591
11318
28796
12033
81906
796
4274
33362
45100
54539
30259
3542
6391
52464
71676
29522
3363
18199
45033
39732
1786
2702
17896
25157
5250
73386
49895
80038
81
69282
33304
9335
10338
2807
15639
39228
3040
79994
16794
54622
1210
1896
24073
36328
63496
16913
17753
5870
22573
5216
8721
22337
33270
39774
2517
2799
32030
27868
17226
181
5325
21596
25311
24015
35788
1016
10565
16439
8265
3949
49779
5429
35694
1428
24327
18040
92101
5805
73450
2513
32730
466
1218
18300
84568
33888
427
48489
8557
11368
17228
9768
36824
47298
57224
33693
64837
1112
33574
3683
27318
23019
18553
37209
19650
9373
12490
51215
32219
58702
33469
49222
20782
36717
10044
2869
9973
2997
7110
6078
56374
36712
17256
59005
90618
11409
7681
7480
983
67364
14504
2388
9773
31408
247
11405
10031
12335
49543
17230
51657
9169
37842
42813
34413
8281
7508
21380
5174
25054
51348
62026
7503
7475
76793
1849
30324
48493
22808
11784
30272
7177
26271
48469
734
51736
79137
13076
55610
36751
30116
16681
59687
5096
51060
4269
1221
39717
14856
3464
11008
89759
2405
58420
16690
11006
33431
7510
5430
57950
10239
18809
18444
14029
7926
18213
41777
38830
16967
846
18311
10101
27431
44012
25817
417
23604
8953
4880
2729
45647
15933
48172
46202
4135
9924
18171
15920
22539
20304
14255
50501
4909
48452
6307
13641
54731
47309
17201
20648
21558
63
20819
35373
9718
4589
30128
14312
16308
1177
31418
36395
10587
32283
44163
27249
20961
34
27606
16757
25056
29289
22529
1797
71149
55812
39552
51248
89001
45803
17027
2844
37484
49388
2018
1104
12608
249
21131
14059
15316
17841
17711
4399
20769
14212
15166
43
28819
67284
38598
31520
20567
7696
14315
35590
3592
25220
16478
3515
10614
27619
2335
40615
64427
48023
21410
585
2029
26515
63945
521
9450
74395
3074
16798
1482
3239
3
15658
3164
19432
1706
10311
33965
12697
23842
44775
26633
37637
26098
54782
1211
35314
34355
14822
6643
21159
48125
301
4967
13168
1216
13473
1427
4063
30599
183
47131
15914
25349
44961
41624
6770
77484
30382
5997
2428
17656
11319
32276
16309
11391
56782
10470
86323
20285
31121
17464
31169
4738
17468
25291
17851
4877
2960
67972
39216
10290
45410
20629
31979
21640
2089
9385
66679
19718
8129
67395
67999
33033
308
28229
14312
12537
4858
74060
1044
32190
26175
8398
45783
12121
4856
24226
28918
6337
40334
34154
37989
21319
2334
26006
4199
239
2509
33
17638
31395
22501
6720
58037
55403
10492
19218
8350
18489
1923
33477
4096
16243
5175
32111
53135
22511
28361
29744
8131
4757
24064
13880
17755
19669
56289
58180
12127
39899
4834
53954
14162
684
21722
19796
14642
3038
25084
1526
5016
635
7733
12068
5606
11023
23299
29541
2257
41876
41479
10662
6578
12272
43978
15103
24576
55536
52693
3610
10542
56465
10831
8226
8475
47636
22301
6689
47865
8140
3598
13115
44442
19272
54953
44904
59594
18404
21333
13628
48302
997
8398
15691
8207
33235
15301
5682
4422
4457
24838
3907
16550
19425
8698
11766
19002
71815
23304
83824
45432
5479
10448
18930
8795
68589
5554
18506
52491
10922
31157
13006
277
3882
109
17048
10929
22846
61615
1508
28115
4949
11320
12743
943
16224
7090
7974
5316
9719
7050
23294
27564
33274
19502
37022
299
14339
13400
21049
33496
1771
40531
48981
5032
17149
38772
41492
16631
36346
5596
41643
31151
20359
14368
7805
729
13170
11570
48994
9737
23873
8768
10153
48198
23808
32890
69092
52781
830
1793
16394
74136
21985
20628
6225
19813
3451
22460
38519
64157
56791
14341
67574
32910
30647
22036
25639
16170
22714
47275
18235
5674
1266
21649
4960
83
34263
2479
5240
43842
69110
39969
4694
28017
538
12400
7997
734
19941
31947
21324
1796
621
67501
83484
4007
11874
6539
539
21257
36146
26653
47516
9529
14219
16273
54358
42981
7069
24886
16660
32328
69146
14847
2526
8665
9888
32875
19790
2546
2592
4074
21512
23175
227
339
20172
37610
9937
3042
54118
29134
45435
61473
3742
4852
38788
26312
792
36636
47589
16923
4001
392
47210
801
16374
1406
15711
17691
46277
34076
29384
53784
14501
8065
46179
47476
69989
38674
36418
4092
15188
32923
21857
36780
5667
30017
12937
9274
9536
19035
3522
3326
90498
13683
3401
3117
60020
32263
25606
42458
22626
10171
3388
60828
26951
3208
18127
74898
47231
9265
10438
13939
17251
2956
15643
1846
37649
24047
86114
3898
24517
48758
45591
1783
3798
4990
1836
19211
30322
12304
43046
5955
25175
24228
78706
2825
4940
27067
22868
1393
5699
933
23242
20834
10715
10953
29701
19765
18404
47556
54703
21765
23348
13350
39608
20103
16927
14676
49621
5461
6957
3159
2843
28397
59531
47828
5584
12134
160
3804
90757
22670
47805
31247
10163
19943
20839
45107
45373
466
18028
44534
41006
42251
37250
4833
54826
52500
15100
64
4942
521
2703
5608
40842
55593
2179
32728
41017
4124
1255
22954
5733
38102
14230
48002
70591
12190
65573
1310
4199
38747
7276
38801
37293
2204
5118
56666
54274
76572
29615
13613
4426
2297
49343
48052
14476
37414
29666
10861
7370
336
15888
34749
15826
40515
17222
15164
55054
1484
36805
28161
48492
71163
2869
1607
10197
54550
21408
17692
71633
7399
55476
52400
8529
51039
1937
47427
70340
64006
13468
1534
16521
38550
2458
6751
4518
43782
5958
62426
34493
57317
176
16352
83429
41134
37422
15663
18879
5828
4719
14694
15460
86743
71026
53538
24033
824
3468
7645
19092
15940
39419
33855
41529
50839
9877
38998
23837
17925
65050
43669
1915
33896
6858
16903
487
25985
89789
41235
12707
25427
17
187
6718
34056
27017
6614
10632
63183
6346
8355
29403
34425
15887
5196
7785
40216
30018
36517
19035
15530
1157
73659
87193
5053
15436
42677
9167
30047
29752
11475
88058
8331
7281
18859
50698
21135
33059
13299
765
19215
29758
78440
1623
3054
56374
5809
3625
2935
52186
20598
34329
26421
6679
52936
12955
17286
207
4598
4441
9368
66922
11123
21597
1895
24033
87008
2835
7031
6504
16447
34454
763
4895
1047
69398
268
5383
143
13101
12613
47631
18615
57815
28093
570
17602
13594
9188
6522
7875
9464
62807
2577
6885
7981
31831
70135
2005
165
426
24943
14322
17750
64559
2311
27014
9112
3274
55236
48633
17808
5011
23374
2301
40487
19874
53878
1865
2645
1996
384
7692
1478
5935
23423
48579
72777
58054
24124
24704
42705
50806
40635
54667
12628
15273
2036
15670
10872
1259
22968
27407
62754
17662
4462
18304
34114
60507
10234
28390
58117
2597
6136
5405
16856
66195
3834
48955
34114
8113
24093
14953
737
65746
37010
40088
22126
48502
17490
31940
2077
115
19459
146
18556
51085
75589
23618
28129
384
3909
2386
618
64660
20215
22916
59090
29793
6272
27695
27955
3889
8944
25941
48987
30260
46747
1582
23676
86138
7429
9168
893
63592
4224
8979
2928
40517
69781
41118
85895
25904
4113
35928
3868
5173
54620
20561
8895
2972
20715
21621
68404
14586
45660
50638
23720
27994
45477
46241
8646
93650
5916
23144
1709
16465
24617
44821
6184
28069
5070
19479
18114
22763
2174
21025
363
67342
15250
500
14060
8959
52674
888
32502
17005
1351
2872
61297
26395
46434
17537
3572
2451
6504
2313
41983
49275
1248
46941
36304
52114
32042
9945
60889
22681
7061
8754
2360
18439
46633
1306
14627
3
68894
16976
20709
37482
20192
1934
4575
64847
19362
39422
514
3932
71377
7435
3672
3204
34011
5221
3829
41435
23106
2444
10381
15900
4238
36762
51146
6691
57484
34209
49345
3830
9578
14808
42711
38813
25755
98722
2611
76224
18495
39445
12812
43744
93406
39216
1868
6501
12215
42654
2123
27286
14187
3159
17470
54430
5197
11047
5679
29755
47374
19723
30903
49241
28906
16313
2076
31741
36954
2873
46868
44841
14030
30711
49218
44575
68481
7227
50193
42146
5188
13881
26777
26772
20062
13361
32567
4233
46557
8789
29523
9349
24767
3030
7061
13308
78
514
11838
4646
6403
6729
1450
6220
13021
25856
10175
61857
14402
45185
64163
4363
3491
10358
5025
58410
12403
6091
10231
42539
26353
17415
4232
34529
41105
16295
673
53492
11139
7792
24857
5630
32739
78563
78597
5206
2884
23305
56019
15170
51652
11229
3285
22590
10295
24292
52503
5502
41046
6962
363
2563
24911
1669
619
8897
37836
13494
12400
46503
33484
10256
11481
47434
60260
55303
59885
12924
15568
7994
6990
59550
33784
19123
44090
13
63202
12995
6503
19098
63332
10925
4706
17080
5336
90827
24140
1270
3255
34002
10869
20432
30216
8086
26672
42945
3165
56012
40703
38354
59198
7812
71852
759
53894
9637
2680
29053
2426
66763
25521
8033
1018
41405
39571
693
9018
12218
8584
1686
13597
36734
56267
61625
8510
44182
6446
22323
11608
15055
920
12159
19898
30778
13111
17566
15012
6852
22579
37035
25526
1071
7605
65524
2679
54408
17192
16636
18136
7344
39485
38767
59835
2218
9963
28983
68872
40021
61436
9161
5640
18782
9898
11531
51520
17406
13349
14899
5614
7450
632
1745
853
23137
37164
49307
44785
13928
4776
10019
31896
38775
58294
29819
24483
3027
21654
17020
31677
60836
57279
6723
7462
515
5516
1073
18827
7732
24142
633
57020
21906
52798
65991
5123
27380
51040
13057
60562
3544
34671
3700
1694
1774
94572
8678
2702
22925
1641
4635
44732
50356
58337
11886
5781
12756
15359
16369
45692
3057
58615
17025
18811
60833
75800
55612
3488
76413
9460
18520
75900
5634
2700
24875
41375
8879
40155
32304
23175
6288
30237
62844
78749
18257
3638
22507
4965
6502
15817
78067
43419
24024
17569
5457
25037
12825
10326
10703
12588
17454
1201
11457
60526
44364
65108
30867
14531
315
16570
3008
19479
17205
2462
16328
57767
32149
2628
38564
12035
2494
12163
19047
9682
5689
16284
76148
23390
54025
28600
13343
12647
25976
20510
64309
34651
28058
9205
8159
7767
18420
15315
1323
61783
165
7624
16799
4680
66017
34309
25507
76443
48578
699
56534
27928
935
11698
639
3344
76140
18294
31632
27708
7167
55609
13966
2225
6430
29233
25175
58099
51711
16762
18909
1263
51713
13610
62792
52357
2208
2542
49405
8419
6937
26518
13931
13679
2685
25314
40779
44621
27434
4821
204
6671
22801
21241
57183
34023
5268
9207
14473
40440
12857
11472
2725
53894
52333
47813
40794
5246
33787
48822
7947
38094
89721
55987
37358
35437
66499
50598
11766
11273
26802
15034
29289
37183
26519
35919
42586
10589
946
53651
25960
60273
71286
6
25297
40521
36577
12651
4081
4910
48012
10997
13782
21030
38902
14701
1974
20192
6195
1951
52759
23824
28574
56886
8603
60054
8522
28599
10253
8039
2352
81345
25951
12848
52805
9936
29651
12395
2351
4295
31203
3086
21362
22112
13755
18273
15730
26430
1352
27268
8371
178
2834
21972
5761
693
66307
3010
7730
172
212
27788
9444
63281
32478
64964
7223
6112
8233
46634
19933
14994
55503
47397
20813
34467
78941
10923
10416
16598
17111
5962
5244
21518
17883
141
27088
52637
14974
10854
7275
28710
21831
20007
3392
72862
6326
70632
48013
55473
469
5057
23040
5825
14487
11932
47099
4756
38234
16700
2016
29139
29529
70312
10425
1007
57094
12426
47570
26843
72985
4591
12888
50084
735
44198
5856
52247
18396
20191
7273
2107
13941
15953
1202
466
20451
12377
8046
35331
13532
23639
13217
36674
7874
2251
9825
3548
5669
35351
9750
5929
86092
463
36806
1878
9911
62675
30983
25551
1038
60048
82769
20426
27273
22253
41179
4866
37982
41
26794
29115
19762
426
6709
14317
28101
13145
32955
5103
10121
805
3897
36153
24403
47658
7722
53403
8935
25808
22511
54017
8527
98830
38689
4187
781
22614
5813
44849
3505
49632
659
52775
16103
16390
3718
11155
758
30253
30903
20816
7039
3063
39570
38074
1212
10162
34259
40671
154
58845
9901
7729
4246
10191
17910
8461
33051
6298
34257
6704
52297
17825
6515
32660
43710
7067
575
4538
57000
11601
9152
27722
5028
42088
17049
3220
71568
27021
13878
82670
39246
30119
46529
3205
7960
42652
34984
9714
3324
10711
4859
4716
12606
24555
57115
25329
41003
58591
80953
5351
3988
39489
4199
6039
77694
477
11160
3111
1808
27596
13707
1308
66897
11142
42373
3015
28931
5300
24599
22130
14364
25129
36730
15802
18734
7424
11016
65313
13006
28484
51827
35779
5159
14864
30852
4593
19387
2221
76141
39409
1075
4353
21095
36716
735
21464
62109
23602
196
9705
32816
28922
1353
38706
16660
21911
3369
83810
14363
50637
1107
5187
23201
10839
3542
1208
49531
24002
49473
3276
9252
15919
16410
65845
53866
40620
8581
2757
45694
32634
981
48130
55738
14820
52669
8678
3241
9975
1774
57620
7545
5180
29319
19759
16858
74419
55311
7270
18220
12278
4691
39181
4511
8184
18942
5020
29352
43133
21959
9033
66758
35645
3071
19472
18540
4634
3995
26875
24693
13458
16773
51719
4845
59568
39036
78950
11380
1628
32289
29817
19968
24967
75307
