6773
5817
4318
1863
4444
1214
23112
36234
24367
28273
3347
60204
72895
23056
10718
1268
38793
89187
211
12309
3698
69506
9446
82486
8010
9991
4559
14357
6986
53746
52471
63636
5681
717
7487
46210
73645
24925
3866
4855
84996
2130
19107
565
41223
42483
10553
2132
34266
1901
5637
40294
81494
28087
8188
19624
1156
27795
9511
47515
4720
93256
16909
4740
5661
31825
33225
50514
3134
64552
17462
14112
1838
14031
4898
25551
600
4438
3129
14621
45339
58765
17080
39410
15618
30054
63103
12325
18408
17058
72525
40851
74697
27329
4180
36864
49058
18130
45667
75207
16108
1349
43758
6655
36416
66550
259
52152
57926
8759
15393
14397
16668
46574
16139
32837
47208
43501
2394
425
2752
9817
61462
23510
79127
26912
29005
19415
12411
6814
45212
26662
5309
27361
172
34259
19484
22447
622
2095
14351
24927
34934
788
6482
28487
8614
42113
9399
3929
64062
15370
4741
60250
1319
24051
2283
19931
20636
37105
21373
2615
30195
67984
474
1892
10451
22546
49128
33754
23472
2633
48270
62166
43414
4976
2444
7290
1953
10336
37918
12250
11815
13485
26187
48726
47249
78326
429
67966
10937
57151
234
61043
78
86602
29979
14224
32417
7980
27665
1784
16057
6856
16880
6586
4046
5858
31556
7273
46209
53991
8018
59227
14949
19300
1088
41966
21977
8912
23073
44662
29752
34815
24357
32376
35774
22324
9241
17829
42293
7993
53954
50269
17061
13164
38274
24547
8796
5681
356
10117
12964
4455
36184
10921
46841
10154
26549
20857
17177
84
28164
8296
36730
3449
2259
1157
2634
47250
7232
4040
15904
36832
10086
17376
14819
82905
4246
51051
12122
10974
37585
37213
48577
36384
3863
4470
27824
1927
40292
8700
43542
10
19587
48509
51167
17800
18946
22148
31246
30136
10435
32237
125
32589
3419
5086
57706
23932
