182831
237303
144971
31793
160219
6465
9272
105498
9272
188572
85035
64313
132409
56493
241010
10057
224003
168147
238900
25344
111976
1936
255041
194250
61724
70650
155316
51
234094
11984
259215
180109
81242
212834
197225
27304
55878
93634
173376
152121
71581
68709
218869
252702
18267
116131
9089
195969
164877
91502
166859
135843
20849
213941
147513
93709
194396
223436
105088
88499
5229
217734
197095
139645
228085
20039
141083
112083
38560
166490
131300
113453
88964
63292
47799
213621
134159
155689
181919
226897
10082
230132
138621
220116
230104
160332
49004
135049
247754
116437
742
55111
256023
253916
262234
131595
162377
57832
202319
34370
179158
237355
191582
221052
52340
54650
193207
74334
31716
163615
178167
176055
49004
22950
213720
231416
206737
181309
48329
171760
125097
227512
207961
166928
170911
124512
96934
53354
179463
100305
175748
231260
45739
250980
233480
93863
94537
98828
43749
63326
261151
62240
149172
181126
102310
225402
109735
97203
204406
127227
240195
242427
105126
55534
174920
124808
34336
164081
141103
109717
217058
201370
214308
103563
56914
6682
168739
159802
74092
173628
187691
87196
81508
11767
145842
169509
174185
19288
139080
107711
13115
191345
89850
181126
133895
163776
85828
109327
163311
221792
187109
126689
93745
140353
44098
216656
242076
147662
141486
95567
208027
49161
162619
205508
6628
6628
126737
70396
168043
101235
55567
88667
186776
255163
228625
132333
81894
95690
140182
157718
94327
54401
227818
24438
121687
52091
112468
133826
155819
170442
180956
117332
44445
181582
129192
251346
149026
239808
224685
38405
222080
30763
95062
28734
155819
2692
130743
164448
126737
172884
91971
190176
182868
16541
165184
261896
93466
40896
141561
233370
147359
149540
192665
142887
50213
239223
24554
122657
117626
115110
192413
100525
257122
75908
105301
210887
245411
175099
31705
31858
83251
158255
12518
200940
34035
88220
235481
149517
48829
140056
37382
120437
220306
132928
208999
93292
222984
70991
90895
122496
123902
187046
111588
261915
68236
105662
